# cdf-poly-v3 degree=5 basis=endpoint-q
# t=(x-start)/(end-start)
# kind start end y0 y1 q0 q1 q2 q3
C	0	0.012462000000000001	0	5.4886338168742713e-05	-5.6480755159618817e-06	-3.1936340107456714e-07	-8.8916655949089453e-09	4.457631680518764e-11
C	0.012462000000000001	0.030804999999999999	5.4886338168742713e-05	0.00015929139330562634	-1.4820472723680159e-05	-1.1424823843884105e-06	-4.0120922635569512e-08	9.36656014247913e-10
C	0.030804999999999999	0.051660999999999999	0.00015929139330562634	0.00032036319980836234	-2.4168780752055943e-05	-1.904603694689934e-06	-5.7493269706540536e-08	3.4540166967873784e-09
C	0.051660999999999999	0.0625	0.00032036319980836234	0.00042554289408310725	-7.8910325412311533e-06	-2.9150158429064179e-07	-2.9417918761888577e-09	1.8441748464959077e-10
C	0.0625	0.090495000000000006	0.00042554289408310725	0.00078187427661247327	-6.247748915595064e-05	-5.408225721033422e-06	-1.0910297302477697e-07	2.1286513175748396e-08
C	0.090495000000000006	0.121514	0.00078187427661247327	0.0013499145874153805	-9.7902280400385052e-05	-7.6222580346688738e-06	6.1345541474405272e-09	3.6370031055787298e-08
C	0.121514	0.14857699999999999	0.0013499145874153805	0.0020283516145979466	-9.0812073421172148e-05	-4.8102170623999643e-06	1.0015764497786814e-07	9.4999989098416067e-09
C	0.14857699999999999	0.17496600000000001	0.0020283516145979466	0.0028822143949696092	-9.9188056288095265e-05	-4.017807840568362e-06	1.1975782366466321e-07	-7.5735053325539527e-09
C	0.17496600000000001	0.20163200000000001	0.0028822143949696092	0.0039621392111082922	-0.00011292313786187197	-3.7727671213193125e-06	6.2932544577408131e-08	-3.2483154987846335e-08
C	0.20163200000000001	0.22946900000000001	0.0039621392111082922	0.005346967171772363	-0.00013569077191251497	-4.4736838080605279e-06	-1.5490958124443451e-07	-7.6664678299339063e-08
C	0.22946900000000001	0.24010000000000001	0.005346967171772363	0.0059509735832090982	-2.1520567548370324e-05	-3.1236676936661255e-07	-1.1031546537079068e-08	-8.2219962962146149e-10
C	0.24010000000000001	0.242064	0.0059509735832090982	0.0060727320004193798	-6.5008821260598245e-07	-3.531807294180415e-09	-6.9454036144770884e-12	-2.3837717447399818e-13
C	0.242064	0.25	0.0060727320004193798	0.0066519629135254887	-4.7450013481346593e-06	-5.4286948157163285e-07	7.2270279413722959e-09	-4.5264700955525704e-10
C	0.25	0.295989	0.0066519629135254887	0.010084760298813347	-0.00043790501757091097	-5.3437779009400393e-05	-5.644746136121656e-06	-1.8292526661552159e-06
C	0.295989	0.32692599999999999	0.010084760298813347	0.013014683301614727	-0.00028510979833836674	-2.7603045811685574e-05	-2.8745458771242136e-06	-1.9641323313852258e-07
C	0.32692599999999999	0.356157	0.013014683301614727	0.016428105537649482	-0.0003466987851225709	-3.4479632252572067e-05	-2.9844564590565374e-06	-5.256852115274135e-08
C	0.356157	0.38521899999999998	0.016428105537649482	0.020669675364295492	-0.0004658896728546401	-4.5965050918494787e-05	-3.0483760355426329e-06	8.3860215814048012e-08
C	0.38521899999999998	0.41528300000000001	0.020669675364295492	0.026259604104609091	-0.00066955056819760191	-6.3174387704615891e-05	-2.8251087276145024e-06	2.8639679415071372e-07
C	0.41528300000000001	0.44842900000000002	0.026259604104609091	0.034304867121173616	-0.0010716480767300409	-9.5292455416917538e-05	-1.7180491512382287e-06	7.4962410961026954e-07
C	0.44842900000000002	0.49517600000000001	0.034304867121173616	0.050071999992515388	-0.0027734652713655664	-0.00025856992899962289	1.0395879055665769e-05	4.9290201046119515e-06
C	0.49517600000000001	0.50002500000000005	0.050071999992515388	0.052055497311701511	-3.507584698149648e-05	-2.1581009655063137e-07	-7.8285439418485556e-10	3.6876824871162358e-09
C	0.50002500000000005	0.53457699999999997	0.052055497311701511	0.068307321779106409	-0.0018668451474179396	-6.4350603495550495e-05	1.052315422562553e-05	7.3535343967015104e-07
C	0.53457699999999997	0.56891400000000003	0.068307321779106409	0.088317554340029303	-0.0019515390897910754	-1.4837368750625404e-05	1.3328140330092736e-05	1.4498450442919506e-07
C	0.56891400000000003	0.60533599999999999	0.088317554340029303	0.1137502817371062	-0.0021359457072483309	4.7536585366330129e-05	1.6943169351428399e-05	-6.6140274472538762e-07
C	0.60533599999999999	0.64863400000000004	0.1137502817371062	0.1490806981478113	-0.0026329925818285764	0.00018311196483807745	2.5231748089749509e-05	-3.1240838199351775e-06
C	0.64863400000000004	0.69661399999999996	0.1490806981478113	0.1932886459821633	-0.0023668020436348404	0.00033924211638069519	1.2629973392453111e-05	-5.420096224369839e-06
C	0.69661399999999996	0.74017999999999995	0.1932886459821633	0.23639228629983969	-0.0011282059003671092	0.00025040669445940182	-8.3513599938214655e-06	-2.0065258540069568e-06
C	0.74017999999999995	0.74208799999999997	0.23639228629983969	0.23832018867263385	-1.2478878033088429e-06	9.3618713792220387e-09	2.2173652886327208e-08	-1.8855579583567427e-08
C	0.74208799999999997	0.75002100000000005	0.23832018867263385	0.24636084490238785	-1.969671900928755e-05	1.2633587722408979e-06	-3.6454459630914808e-08	1.6061131085713285e-08
C	0.75002100000000005	0.79767399999999999	0.24636084490238785	0.29515666640095334	-0.00038583802641626897	0.00023674909556608528	-2.4877026087918673e-05	-1.9569939578070151e-08
C	0.79767399999999999	0.85912699999999997	0.29515666640095334	0.35799916939906573	0.0003086153436951215	0.00028702679870334946	-6.2560305690356001e-05	5.2992959716254111e-06
C	0.85912699999999997	0.92388000000000003	0.35799916939906573	0.42274251990898121	0.00090647918650642811	0.00011098051110666231	-4.2232669979333837e-05	6.2753631420303166e-06
C	0.92388000000000003	0.99099599999999999	0.42274251990898121	0.48772223253295766	0.0011090017048530198	5.8450497348775051e-06	-1.6415716611017194e-05	3.4035620171620841e-06
C	0.99099599999999999	1.003938	0.48772223253295766	0.4999996708999917	4.0154735570834686e-05	-1.570114563296591e-07	-7.1828789001587224e-08	4.4510932335297528e-08
S	1.003938	1.0625290000000001	0.50000032910000836	0.44539512122510339	-0.00079624312649495543	1.9238212445789369e-05	1.0527804471477766e-06	-3.3792992993186861e-07
S	1.0625290000000001	1.1460630000000001	0.44539512122510339	0.37013741485385959	-0.0014881579364801288	5.5468866626428217e-05	-4.6212416936819982e-06	-1.5473872710759292e-06
S	1.1460630000000001	1.200772	0.37013741485385959	0.32238472034725912	-0.00059353755336006675	5.8424736132365037e-06	-2.7406823762964555e-06	-7.4190221518615532e-07
S	1.200772	1.2712859999999999	0.32238472034725912	0.26261957814701792	-0.0010209241833662424	-3.5846138000604964e-05	-2.0217293393729406e-05	-5.2184472373146016e-06
S	1.2712859999999999	1.332287	0.26261957814701792	0.21284220615190569	-0.000988683751022559	-0.0001097504850877912	-2.6943560873221523e-05	-2.5174063301006213e-06
S	1.332287	1.381121	0.21284220615190569	0.17484864460790403	-0.00095251310782088437	-0.00011994858913831932	-1.5168187454184077e-05	3.0218176779421433e-07
S	1.381121	1.427044	0.17484864460790403	0.14138081572322789	-0.0012384344239380497	-0.00014477387943489858	-9.4492138400831468e-06	1.5012884549477335e-06
S	1.427044	1.477768	0.14138081572322789	0.10806307161484184	-0.0021123827477104928	-0.00022097847571486448	-6.453726282335413e-07	4.1802067616124748e-06
S	1.477768	1.5217639999999999	0.10806307161484184	0.083213480375672638	-0.0020281078137732635	-0.00011764576800859525	1.150665720381578e-05	1.8936418327230729e-06
S	1.5217639999999999	1.5594239999999999	0.083213480375672638	0.06543004586173165	-0.0016622174533637449	-3.4640838303632912e-05	1.068501668949577e-05	3.750115595458182e-07
S	1.5594239999999999	1.5954079999999999	0.06543004586173165	0.051589618643765017	-0.0015408033627532121	9.3760941644241233e-06	9.9594027851429031e-06	-1.9243052774895708e-07
S	1.5954079999999999	1.6324959999999999	0.051589618643765017	0.040427799860688361	-0.0015348872860087522	5.1072908684739929e-05	9.6168404651348567e-06	-6.9975545105012755e-07
S	1.6324959999999999	1.6844619999999999	0.040427799860688361	0.029387757807962961	-0.0025328245188735938	0.0002288728023904351	2.0876658719537502e-05	-4.8947613267651645e-06
S	1.6844619999999999	1.7194990000000001	0.029387757807962961	0.024330449286323858	-0.00084359715838848719	8.0136200907782903e-05	-3.0562913254031913e-07	-5.2806165304304176e-07
S	1.7194990000000001	1.7500199999999999	0.024330449286323858	0.021062782314429585	-0.00047201183603706222	4.8809429475978537e-05	-1.5333409069702813e-06	-1.5277321437379444e-07
S	1.7500199999999999	1.7833570000000001	0.021062782314429585	0.018357270428120142	-0.00039952027331142622	5.3383121323297532e-05	-3.1199721983587815e-06	-6.4807423990781498e-08
S	1.7833570000000001	1.8188569999999999	0.018357270428120142	0.016142528970350473	-0.00029432640727343343	4.8555860189325312e-05	-4.2308218072708695e-06	9.2519263435196685e-08
S	1.8188569999999999	1.8628469999999999	0.016142528970350473	0.013968629302877867	-0.00026083382300512214	6.0907764198293755e-05	-8.4983987821865504e-06	5.3597632411256678e-07
S	1.8628469999999999	1.9051020000000001	0.013968629302877867	0.012200647362869263	-0.00012048815081669937	2.9314448869095509e-05	-4.91408905571068e-06	4.1632475825527743e-07
S	1.9051020000000001	1.9443600000000001	0.012200647362869263	0.010700211008778914	-5.3261985906369318e-05	1.1420993453546511e-05	-2.2158292205819126e-06	1.9961408946665381e-07
S	1.9443600000000001	1.9843390000000001	0.010700211008778914	0.009249647977210158	-3.2766292269159142e-05	4.8477071893522928e-06	-1.4062567036682916e-06	1.2458751574466874e-07
S	1.9843390000000001	2.0000140000000002	0.009249647977210158	0.0086964183243573509	-4.0593385027138187e-06	6.024788123494803e-08	-2.2285308710218114e-08	1.2884302415234071e-09
S	2.0000140000000002	2.0472359999999998	0.0086964183243573509	0.0070796156204082439	-3.7755946064913164e-05	-1.4238604821871168e-06	-1.3982247062746103e-06	1.1279533569928676e-07
S	2.0472359999999998	2.0625	0.0070796156204082439	0.0065748932435909079	-4.8115506875636074e-06	-1.7765219345896472e-07	-1.0278821467475243e-08	3.3376256322735809e-10
S	2.0625	2.107205	0.0065748932435909079	0.0051621627055913923	-4.9842101337495952e-05	-6.0362306663732976e-06	-4.9520872382139911e-07	6.6299045814133785e-08
S	2.107205	2.154512	0.0051621627055913923	0.0038060410164939009	-7.925101349662491e-05	-8.5533364793999433e-06	-1.3905271855896311e-07	1.4168717577715092e-07
S	2.154512	2.1981160000000002	0.0038060410164939009	0.0027246685116189481	-8.7668538548968863e-05	-5.9356076823808719e-06	4.2301209200959132e-07	9.3972503019549508e-08
S	2.1981160000000002	2.200005	0.0027246685116189481	0.0026820383654667726	-1.840559638815724e-07	-4.0326769894321492e-10	1.8927837285785643e-10	-1.5757481456094465e-10
S	2.200005	2.235446	0.0026820383654667726	0.0019524722193342307	-6.6774859105342172e-05	-1.7655911065122864e-06	3.7724828780664075e-07	1.7883394341320766e-08
S	2.235446	2.250013	0.0019524722193342307	0.001692312956150703	-1.1698634187132954e-05	-2.4395591164858308e-08	1.2748960496217364e-08	-7.0404802236864968e-11
S	2.250013	2.2822469999999999	0.001692312956150703	0.0011994286230379235	-5.688176243128995e-05	4.5017488560459211e-07	3.0575291486345843e-07	-6.5000638445836478e-09
S	2.2822469999999999	2.3146100000000001	0.0011994286230379235	0.00081485600382295745	-5.3927154846081121e-05	1.6049289707659966e-06	2.6623461363963161e-07	-1.6841765358734782e-08
S	2.3146100000000001	2.3538779999999999	0.00081485600382295745	0.00048052925452272499	-6.911542736812722e-05	4.4763799678756532e-06	3.6887012810447255e-07	-5.8179305917414135e-08
S	2.3538779999999999	2.3841809999999999	0.00048052925452272499	0.00030504225673634323	-3.2869972871916619e-05	2.4377629987091076e-06	3.1912484921263285e-08	-1.4637057424983198e-08
S	2.3841809999999999	2.4102800000000002	0.00030504225673634323	0.00019929082922813562	-1.9194501263428978e-05	1.5436980961507892e-06	-1.9929830755816375e-08	-5.1594763569052638e-09
S	2.4102800000000002	2.4343149999999998	0.00019929082922813562	0.00013080465840037054	-1.2624059162420837e-05	1.1043722381821865e-06	-3.1233344062879494e-08	-2.0849876241525149e-09
S	2.4343149999999998	2.4571339999999999	0.00013080465840037054	8.5409948027139981e-05	-8.6580525389165656e-06	8.2200816514029851e-07	-3.2758279361645588e-08	-6.659135220961102e-10
S	2.4571339999999999	2.4792930000000002	8.5409948027139981e-05	5.5051291338943684e-05	-6.081239515123908e-06	6.2810393193641635e-07	-3.1357070009110762e-08	7.8858507630158001e-11
S	2.4792930000000002	2.5013299999999998	5.5051291338943684e-05	3.4682552877498582e-05	-4.3685597599504762e-06	4.9620882167003899e-07	-2.977654602046382e-08	5.2804255774796976e-10
S	2.5013299999999998	2.5241349999999998	3.4682552877498582e-05	2.0926598380469261e-05	-3.2850751183257412e-06	4.2388535653997891e-07	-3.0719516197319876e-08	9.4692413787479135e-10
S	2.5241349999999998	2.5580560000000001	2.0926598380469261e-05	9.3666768815512989e-06	-4.6010713265214414e-06	9.8688973381797903e-07	-1.2372833616606005e-07	7.791676885508392e-09
S	2.5580560000000001	2.5780439999999998	9.3666768815512989e-06	5.6583839943116091e-06	-9.0542973952583131e-07	1.248710464533802e-07	-1.0637160900522783e-08	5.109913258927867e-10
S	2.5780439999999998	2.5956649999999999	5.6583839943116091e-06	3.5582657294384174e-06	-4.7198311408869778e-07	6.081777896299652e-08	-4.9518655352422852e-09	2.379207706200181e-10
S	2.5956649999999999	2.6118260000000002	3.5582657294384174e-06	2.2861227337040481e-06	-2.7254693889719233e-07	3.384469123669674e-08	-2.6999429050316964e-09	1.3099090884317641e-10
S	2.6118260000000002	2.6269209999999998	2.2861227337040481e-06	1.4885514761838438e-06	-1.6530275048181534e-07	2.0030313343686317e-08	-1.579515498157127e-09	7.7429318301871685e-11
S	2.6269209999999998	2.6411720000000001	1.4885514761838438e-06	9.7742825485558878e-07	-1.0328568706962099e-07	1.2290263976262971e-08	-9.6177798823375898e-10	4.7580992753523555e-11
S	2.6411720000000001	2.6547190000000001	9.7742825485558878e-07	6.4476107563481794e-07	-6.5837174407728737e-08	7.7193578389732244e-09	-6.004732585061405e-10	2.9926934981095435e-11
S	2.6547190000000001	2.667656	6.4476107563481794e-07	4.2568832606974163e-07	-4.2569182034296404e-08	4.9264504425458216e-09	-3.810823404628325e-10	1.9095231085561159e-11
S	2.667656	2.6800459999999999	4.2568832606974163e-07	2.8008515852488167e-07	-2.7808941958071134e-08	3.1778032725869129e-09	-2.4429854446208373e-10	1.2278578213840732e-11
S	2.6800459999999999	2.691926	2.8008515852488167e-07	1.8260558933349173e-07	-1.8290489497989841e-08	2.0617281345514176e-09	-1.5723555229197241e-10	7.9027143409889105e-12
S	2.691926	2.7033119999999999	1.8260558933349173e-07	1.169544289430263e-07	-1.2077898555638785e-08	1.3396991868775102e-09	-1.0104746305262906e-10	5.0587509069237806e-12
S	2.7033119999999999	2.714191	1.169544289430263e-07	7.2550905853560936e-08	-7.9725295435572385e-09	8.6588836052663015e-10	-6.4240260900485253e-11	3.1843797427919938e-12
S	2.714191	2.7245159999999999	7.2550905853560936e-08	4.2443127425230156e-08	-5.2318521434459495e-09	5.5160371798702896e-10	-3.9893124003158186e-11	1.9401973992354519e-12
S	2.7245159999999999	2.734175	4.2443127425230156e-08	2.2062983453090961e-08	-3.3717098397277544e-09	3.3943756305436819e-10	-2.3533982865321413e-11	1.1047811714582525e-12
S	2.734175	2.7429070000000002	2.2062983453090961e-08	8.4639749528767241e-09	-2.063663378233608e-09	1.9118859663168305e-10	-1.2247623312848525e-11	5.3559651468252298e-13
S	2.7429070000000002	2.7496870000000002	8.4639749528767241e-09	3.3220216853077131e-10	-9.6425177067813909e-10	7.0225802202942087e-11	-3.5544684193104969e-12	1.2442761856437378e-13
S	2.7496870000000002	2.75	3.3220216853077131e-10	0	-1.7714508333300769e-12	5.9191509419540919e-15	-1.3280273874301964e-17	-3.8847914970886717e-19
