# cdf-poly-v3 degree=5 basis=endpoint-q
# t=(x-start)/(end-start)
# kind start end y0 y1 q0 q1 q2 q3
C	0	0.012462000000000001	0	5.4886338168742713e-05	-5.6480755159618817e-06	-3.1936340107456714e-07	-8.8916655949089453e-09	4.457631680518764e-11
C	0.012462000000000001	0.030804999999999999	5.4886338168742713e-05	0.00015929139330562634	-1.4820472723680159e-05	-1.1424823843884105e-06	-4.0120922635569512e-08	9.36656014247913e-10
C	0.030804999999999999	0.051660999999999999	0.00015929139330562634	0.00032036319980836234	-2.4168780752055943e-05	-1.904603694689934e-06	-5.7493269706540536e-08	3.4540166967873784e-09
C	0.051660999999999999	0.0625	0.00032036319980836234	0.00042554289408310725	-7.8910325412311533e-06	-2.9150158429064179e-07	-2.9417918761888577e-09	1.8441748464959077e-10
C	0.0625	0.090495000000000006	0.00042554289408310725	0.00078187427661247327	-6.247748915595064e-05	-5.408225721033422e-06	-1.0910297302477697e-07	2.1286513175748396e-08
C	0.090495000000000006	0.121514	0.00078187427661247327	0.0013499145874153805	-9.7902280400385052e-05	-7.6222580346688738e-06	6.1345541474405272e-09	3.6370031055787298e-08
C	0.121514	0.14857699999999999	0.0013499145874153805	0.0020283516145979466	-9.0812073421172148e-05	-4.8102170623999643e-06	1.0015764497786814e-07	9.4999989098416067e-09
C	0.14857699999999999	0.17496600000000001	0.0020283516145979466	0.0028822143949696092	-9.9188056288095265e-05	-4.017807840568362e-06	1.1975782366466321e-07	-7.5735053325539527e-09
C	0.17496600000000001	0.20163200000000001	0.0028822143949696092	0.0039621392111082922	-0.00011292313786187197	-3.7727671213193125e-06	6.2932544577408131e-08	-3.2483154987846335e-08
C	0.20163200000000001	0.22946900000000001	0.0039621392111082922	0.005346967171772363	-0.00013569077191251497	-4.4736838080605279e-06	-1.5490958124443451e-07	-7.6664678299339063e-08
C	0.22946900000000001	0.24010000000000001	0.005346967171772363	0.0059509735832090982	-2.1520567548370324e-05	-3.1236676936661255e-07	-1.1031546537079068e-08	-8.2219962962146149e-10
C	0.24010000000000001	0.242064	0.0059509735832090982	0.0060727320004193798	-6.5008821260598245e-07	-3.531807294180415e-09	-6.9454036144770884e-12	-2.3837717447399818e-13
C	0.242064	0.25	0.0060727320004193798	0.0066519629135254887	-4.7450013481346593e-06	-5.4286948157163285e-07	7.2270279413722959e-09	-4.5264700955525704e-10
C	0.25	0.295989	0.0066519629135254887	0.010084760298813347	-0.00043790501757091097	-5.3437779009400393e-05	-5.644746136121656e-06	-1.8292526661552159e-06
C	0.295989	0.32692599999999999	0.010084760298813347	0.013014683301614727	-0.00028510979833836674	-2.7603045811685574e-05	-2.8745458771242136e-06	-1.9641323313852258e-07
C	0.32692599999999999	0.356157	0.013014683301614727	0.016428105537649482	-0.0003466987851225709	-3.4479632252572067e-05	-2.9844564590565374e-06	-5.256852115274135e-08
C	0.356157	0.38521899999999998	0.016428105537649482	0.020669675364295492	-0.0004658896728546401	-4.5965050918494787e-05	-3.0483760355426329e-06	8.3860215814048012e-08
C	0.38521899999999998	0.41528300000000001	0.020669675364295492	0.026259604104609091	-0.00066955056819760191	-6.3174387704615891e-05	-2.8251087276145024e-06	2.8639679415071372e-07
C	0.41528300000000001	0.44842900000000002	0.026259604104609091	0.034304867121173616	-0.0010716480767300409	-9.5292455416917538e-05	-1.7180491512382287e-06	7.4962410961026954e-07
C	0.44842900000000002	0.49517600000000001	0.034304867121173616	0.050071999992515388	-0.0027734652713655664	-0.00025856992899962289	1.0395879055665769e-05	4.9290201046119515e-06
C	0.49517600000000001	0.50002500000000005	0.050071999992515388	0.052055497311701511	-3.507584698149648e-05	-2.1581009655063137e-07	-7.8285439418485556e-10	3.6876824871162358e-09
C	0.50002500000000005	0.53457699999999997	0.052055497311701511	0.068307321779106409	-0.0018668451474179396	-6.4350603495550495e-05	1.052315422562553e-05	7.3535343967015104e-07
C	0.53457699999999997	0.56891400000000003	0.068307321779106409	0.088317554340029303	-0.0019515390897910754	-1.4837368750625404e-05	1.3328140330092736e-05	1.4498450442919506e-07
C	0.56891400000000003	0.60533599999999999	0.088317554340029303	0.1137502817371062	-0.0021359457072483309	4.7536585366330129e-05	1.6943169351428399e-05	-6.6140274472538762e-07
C	0.60533599999999999	0.64863400000000004	0.1137502817371062	0.1490806981478113	-0.0026329925818285764	0.00018311196483807745	2.5231748089749509e-05	-3.1240838199351775e-06
C	0.64863400000000004	0.69661399999999996	0.1490806981478113	0.1932886459821633	-0.0023668020436348404	0.00033924211638069519	1.2629973392453111e-05	-5.420096224369839e-06
C	0.69661399999999996	0.74017999999999995	0.1932886459821633	0.23639228629983969	-0.0011282059003671092	0.00025040669445940182	-8.3513599938214655e-06	-2.0065258540069568e-06
C	0.74017999999999995	0.74208799999999997	0.23639228629983969	0.23832018867263385	-1.2478878033088429e-06	9.3618713792220387e-09	2.2173652886327208e-08	-1.8855579583567427e-08
C	0.74208799999999997	0.75002100000000005	0.23832018867263385	0.24636084490238785	-1.969671900928755e-05	1.2633587722408979e-06	-3.6454459630914808e-08	1.6061131085713285e-08
C	0.75002100000000005	0.79767399999999999	0.24636084490238785	0.29515666640095334	-0.00038583802641626897	0.00023674909556608528	-2.4877026087918673e-05	-1.9569939578070151e-08
C	0.79767399999999999	0.85912699999999997	0.29515666640095334	0.35799916939906573	0.0003086153436951215	0.00028702679870334946	-6.2560305690356001e-05	5.2992959716254111e-06
C	0.85912699999999997	0.92388000000000003	0.35799916939906573	0.42274251990898121	0.00090647918650642811	0.00011098051110666231	-4.2232669979333837e-05	6.2753631420303166e-06
C	0.92388000000000003	0.99099599999999999	0.42274251990898121	0.48772223253295766	0.0011090017048530198	5.8450497348775051e-06	-1.6415716611017194e-05	3.4035620171620841e-06
C	0.99099599999999999	1.0002949999999999	0.48772223253295766	0.49655183109871787	2.0760864923188359e-05	-9.0023390401404689e-08	6.2589525338902902e-08	-5.4870460030372321e-08
C	1.0002949999999999	1.003938	0.49655183109871787	0.49999968103704395	3.1603851820054952e-06	-4.2532082759075709e-09	-3.0452787440195467e-11	6.792289576461357e-13
S	1.003938	1.0402169999999999	0.50000031896295605	0.46600422933889951	-0.00030806698564986236	4.4901799465750224e-06	2.4908478147946605e-07	-7.6630625077719756e-08
S	1.0402169999999999	1.06253	0.46600422933889951	0.4453938038680238	-0.00011183761957672886	1.0879805525071182e-06	7.4788373154489503e-08	-1.8881127428166122e-08
S	1.06253	1.14676	0.4453938038680238	0.36951747206660435	-0.0015099247393489141	5.8341714930097107e-05	-4.1875257698075789e-06	-1.3649040273630889e-06
S	1.14676	1.2155309999999999	0.36951747206660435	0.30968458063529686	-0.00092788577719871894	1.2857243784104404e-05	-6.2945794302012508e-06	-2.4626068397261824e-06
S	1.2155309999999999	1.2841959999999999	0.30968458063529686	0.2518380375736804	-0.00097173736522836347	-4.3687943765991948e-05	-2.1456426111801574e-05	-5.302662373663546e-06
S	1.2841959999999999	1.3417669999999999	0.2518380375736804	0.20512272235853074	-0.0009113325631442033	-0.00010645982487128231	-2.4147541527571382e-05	-1.905622196939994e-06
S	1.3417669999999999	1.3891709999999999	0.20512272235853074	0.16845325154777366	-0.00093646314695106472	-0.00011993449808121772	-1.4419328301828279e-05	4.1495934863990689e-07
S	1.3891709999999999	1.434247	0.16845325154777366	0.13584995260348284	-0.0012475210485210766	-0.00014627890128839904	-8.8554120822807647e-06	1.5903779536965239e-06
S	1.434247	1.4860789999999999	0.13584995260348284	0.10228039671816501	-0.0023092874937607789	-0.00024626783901730983	1.1574776564936004e-06	5.1217087165813978e-06
S	1.4860789999999999	1.5280370000000001	0.10228039671816501	0.079091063378379678	-0.0019215797113676756	-0.00010134342752749016	1.1254304425105641e-05	1.5352496676491082e-06
S	1.5280370000000001	1.5646819999999999	0.079091063378379678	0.062212356442040491	-0.0016186361426952639	-2.8726377708815456e-05	1.0466438356049408e-05	2.9296550329659372e-07
S	1.5646819999999999	1.599953	0.062212356442040491	0.049050924188808485	-0.0015091656089637781	1.3417193252494843e-05	9.7458714041581777e-06	-2.3360676426204865e-07
S	1.599953	1.6366039999999999	0.049050924188808485	0.03843346385026248	-0.0015145309839726339	5.5506943390236271e-05	9.4695231109662909e-06	-7.4674340316872175e-07
S	1.6366039999999999	1.6850020000000001	0.03843346385026248	0.02853297175427871	-0.0022048285171710285	0.00019825791417566008	1.5559130423162617e-05	-3.7177397720394432e-06
S	1.6850020000000001	1.7193229999999999	0.02853297175427871	0.023740940599746435	-0.00081427050147749849	7.9103725248825437e-05	-3.8570164903079734e-07	-5.1624042510176363e-07
S	1.7193229999999999	1.7500199999999999	0.023740940599746435	0.020588750326906359	-0.0004754992123142198	5.1904151048193338e-05	-1.728704364905852e-06	-1.688667277552971e-07
S	1.7500199999999999	1.7826759999999999	0.020588750326906359	0.01806339445331066	-0.00037531966131328694	5.1977586139281541e-05	-3.1368202935740275e-06	-5.8991939072763988e-08
S	1.7826759999999999	1.817453	0.01806339445331066	0.015993601043547339	-0.00027183885544146505	4.6859237572630025e-05	-4.2193536429192365e-06	9.7529314121303072e-08
S	1.817453	1.8606130000000001	0.015993601043547339	0.01394430192866007	-0.00023509333741936493	5.8140201660426587e-05	-8.4639079313436451e-06	5.5203507672747927e-07
S	1.8606130000000001	1.901815	0.01394430192866007	0.012267182317144798	-0.00010273234522610545	2.6661272636536093e-05	-4.7030294772911496e-06	4.1431302095208521e-07
S	1.901815	1.940086	0.012267182317144798	0.010827451311496933	-4.3438616442749453e-05	9.9344259084893763e-06	-2.0643233168039145e-06	1.9756500326623619e-07
S	1.940086	1.978996	0.010827451311496933	0.0094257149523940473	-2.6070994099889764e-05	3.8775456543487636e-06	-1.24746066966051e-06	1.1993641766526944e-07
S	1.978996	2.0000019999999998	0.0094257149523940473	0.0086877869396738382	-6.2247998805799597e-06	6.5857716711951225e-08	-6.5432389037483545e-08	3.5220579163435887e-09
S	2.0000019999999998	2.040003	0.0086877869396738382	0.0073185235433597335	-2.4221217619110145e-05	-1.3843472107328008e-06	-6.4324245854289931e-07	4.5634450040088827e-08
S	2.040003	2.050011	0.0073185235433597335	0.00698436685866271	-1.8447904677635741e-06	-5.0126065983473199e-08	-1.2272350662083109e-09	-4.3413366751551753e-10
S	2.050011	2.0625	0.00698436685866271	0.0065728925065229957	-3.1458335962667552e-06	-1.1109451173651425e-07	-3.8783762632011731e-09	1.0089045985717868e-10
S	2.0625	2.1064500000000002	0.0065728925065229957	0.0051844994581727571	-4.7157253812172711e-05	-6.050003260058846e-06	-3.9253706784994351e-07	5.1881405522320041e-08
S	2.1064500000000002	2.152479	0.0051844994581727571	0.0038605869059711788	-7.4076211225107053e-05	-8.0166727619508788e-06	-9.8705774637353804e-08	1.1705352712414986e-07
S	2.152479	2.1971349999999998	0.0038605869059711788	0.0027469330753409613	-9.1141399669573885e-05	-6.4926930749764763e-06	4.5486736390374679e-07	1.0472003347867632e-07
S	2.1971349999999998	2.232923	0.0027469330753409613	0.0019999050126593915	-6.767392391967292e-05	-1.9424229034879672e-06	3.8331033329782319e-07	2.0087608298572578e-08
S	2.232923	2.2658149999999999	0.0019999050126593915	0.0014365457113411028	-5.9606192733300875e-05	-1.9924841229191013e-07	3.3072270199422482e-07	-2.9834021361600731e-10
S	2.2658149999999999	2.297866	0.0014365457113411028	0.0010005694763816741	-5.5024353145394845e-05	1.0102378121390977e-06	2.8481199631704825e-07	-1.1511137460816046e-08
S	2.297866	2.331483	0.0010005694763816741	0.00065474945554913546	-5.5091195826233774e-05	2.3295363027879152e-06	2.628528738294577e-07	-2.4385658023460296e-08
S	2.331483	2.368741	0.00065474945554913546	0.00038654226440186767	-5.6856103879822149e-05	4.2438696798608616e-06	1.9959530098170847e-07	-4.4658605082913209e-08
S	2.368741	2.3966229999999999	0.00038654226440186767	0.00025002217861552517	-2.4936233981177444e-05	1.916071878319683e-06	-2.4351775456665123e-09	-8.5988607131749358e-09
S	2.3966229999999999	2.421621	0.00025002217861552517	0.00016395744806504262	-1.5685351998063069e-05	1.3122035648598599e-06	-2.722338825742124e-08	-3.405993787043567e-09
S	2.421621	2.4450129999999999	0.00016395744806504262	0.00010746078038878165	-1.0560430134544785e-05	9.5965330738438802e-07	-3.2574179902377576e-08	-1.3048309281184536e-09
S	2.4450129999999999	2.4674619999999998	0.00010746078038878165	6.9818045020326512e-05	-7.3301402391637665e-06	7.2313022758706612e-07	-3.2261100661889662e-08	-2.6578300183178072e-10
S	2.4674619999999998	2.489493	6.9818045020326512e-05	4.4592874773814993e-05	-5.2007549086078805e-06	5.6027980208819641e-07	-3.0540978860870946e-08	3.0895629608367239e-10
S	2.489493	2.511717	4.4592874773814993e-05	2.7648695040610884e-05	-3.7903520628033961e-06	4.5361697982276154e-07	-2.958318325514648e-08	7.0391928405629425e-10
S	2.511717	2.5357259999999999	2.7648695040610884e-05	1.6014205341958091e-05	-3.0346890765249467e-06	4.3045123950157499e-07	-3.5059409397771659e-08	1.3298510358511377e-09
S	2.5357259999999999	2.5611609999999998	1.6014205341958091e-05	8.6743276026270518e-06	-2.1909878064669331e-06	3.6074712403220016e-07	-3.5508060535606364e-08	1.8360969589876672e-09
S	2.5611609999999998	2.5807020000000001	8.6743276026270518e-06	5.2823011989219586e-06	-8.1500398897709792e-07	1.1089252853684843e-07	-9.3557932376384829e-09	4.4870727801537676e-10
S	2.5807020000000001	2.5980759999999998	5.2823011989219586e-06	3.3345184065157813e-06	-4.3413597286569017e-07	5.5576925037176429e-08	-4.5077710578415328e-09	2.1684486440526364e-10
S	2.5980759999999998	2.6140639999999999	3.3345184065157813e-06	2.1473702930572832e-06	-2.5294290562699035e-07	3.1280657754755054e-08	-2.4902076034470005e-09	1.2099624771753395e-10
S	2.6140639999999999	2.6290260000000001	2.1473702930572832e-06	1.4002771894543615e-06	-1.5421717070712665e-07	1.8632500192147745e-08	-1.4674150306167972e-09	7.2035939645500077e-11
S	2.6290260000000001	2.6431680000000002	1.4002771894543615e-06	9.2028356791698389e-07	-9.6681765600506535e-08	1.1478031979829023e-08	-8.9737519625377922e-10	4.4447144037589089e-11
S	2.6431680000000002	2.656622	9.2028356791698389e-07	6.0728519636103824e-07	-6.1773712884330106e-08	7.2287592515916303e-09	-5.6185709762601136e-10	2.8027746432935457e-11
S	2.656622	2.6694770000000001	6.0728519636103824e-07	4.0085996898733267e-07	-4.0011197227029903e-08	4.6220689403659114e-09	-3.5724526107271993e-10	1.7911717585644955e-11
S	2.6694770000000001	2.6817920000000002	4.0085996898733267e-07	2.6350311007924936e-07	-2.6169415241527121e-08	2.9849306096614407e-09	-2.2924520405012214e-10	1.1524682320318224e-11
S	2.6817920000000002	2.6936010000000001	2.6350311007924936e-07	1.7145666895410412e-07	-1.7226010819327388e-08	1.9377331643090217e-09	-1.4758676198018562e-10	7.4160267090088523e-12
S	2.6936010000000001	2.7049150000000002	1.7145666895410412e-07	1.0942586791741318e-07	-1.1375567619910447e-08	1.2584028203996152e-09	-9.4725307812349436e-11	4.7373752692324879e-12
S	2.7049150000000002	2.7157179999999999	1.0942586791741318e-07	6.7449010518502478e-08	-7.5061524750574557e-09	8.122812846593893e-10	-6.0082259327143515e-11	2.9720936022264719e-12
S	2.7157179999999999	2.725956	6.7449010518502478e-08	3.8983405047383896e-08	-4.9179417937652728e-09	5.157324914335446e-10	-3.7120856561090626e-11	1.7984587410618747e-12
S	2.725956	2.735503	3.8983405047383896e-08	1.9732382223376968e-08	-3.1553054693459076e-09	3.148361097902238e-10	-2.1647123016494619e-11	1.0088388844435591e-12
S	2.735503	2.7440570000000002	1.9732382223376968e-08	6.9505435957537541e-09	-1.9033316125223506e-09	1.7313130751920288e-10	-1.0896081365813497e-11	4.6879211567503612e-13
S	2.7440570000000002	2.7499980000000002	6.9505435957537541e-09	2.111487968826287e-12	-7.2000741942773708e-10	4.5941073941953452e-11	-2.0403340260137663e-12	6.3018483697664275e-14
S	2.7499980000000002	2.75	2.111487968826287e-12	0	-5.4095811767776734e-17	-2.7047905877882529e-17	-1.3523952935938344e-17	-6.7619764664677114e-18
