# cdf-poly-v3 degree=5 basis=endpoint-q
# t=(x-start)/(end-start)
# kind start end y0 y1 q0 q1 q2 q3
C	0	0.012462000000000001	0	5.4886338168742713e-05	-5.6480755159618817e-06	-3.1936340107456714e-07	-8.8916655949089453e-09	4.457631680518764e-11
C	0.012462000000000001	0.030804999999999999	5.4886338168742713e-05	0.00015929139330562634	-1.4820472723680159e-05	-1.1424823843884105e-06	-4.0120922635569512e-08	9.36656014247913e-10
C	0.030804999999999999	0.051660999999999999	0.00015929139330562634	0.00032036319980836234	-2.4168780752055943e-05	-1.904603694689934e-06	-5.7493269706540536e-08	3.4540166967873784e-09
C	0.051660999999999999	0.0625	0.00032036319980836234	0.00042554289408310725	-7.8910325412311533e-06	-2.9150158429064179e-07	-2.9417918761888577e-09	1.8441748464959077e-10
C	0.0625	0.090495000000000006	0.00042554289408310725	0.00078187427661247327	-6.247748915595064e-05	-5.408225721033422e-06	-1.0910297302477697e-07	2.1286513175748396e-08
C	0.090495000000000006	0.121514	0.00078187427661247327	0.0013499145874153805	-9.7902280400385052e-05	-7.6222580346688738e-06	6.1345541474405272e-09	3.6370031055787298e-08
C	0.121514	0.14857699999999999	0.0013499145874153805	0.0020283516145979466	-9.0812073421172148e-05	-4.8102170623999643e-06	1.0015764497786814e-07	9.4999989098416067e-09
C	0.14857699999999999	0.17496600000000001	0.0020283516145979466	0.0028822143949696092	-9.9188056288095265e-05	-4.017807840568362e-06	1.1975782366466321e-07	-7.5735053325539527e-09
C	0.17496600000000001	0.20163200000000001	0.0028822143949696092	0.0039621392111082922	-0.00011292313786187197	-3.7727671213193125e-06	6.2932544577408131e-08	-3.2483154987846335e-08
C	0.20163200000000001	0.22946900000000001	0.0039621392111082922	0.005346967171772363	-0.00013569077191251497	-4.4736838080605279e-06	-1.5490958124443451e-07	-7.6664678299339063e-08
C	0.22946900000000001	0.24010000000000001	0.005346967171772363	0.0059509735832090982	-2.1520567548370324e-05	-3.1236676936661255e-07	-1.1031546537079068e-08	-8.2219962962146149e-10
C	0.24010000000000001	0.242064	0.0059509735832090982	0.0060727320004193798	-6.5008821260598245e-07	-3.531807294180415e-09	-6.9454036144770884e-12	-2.3837717447399818e-13
C	0.242064	0.25	0.0060727320004193798	0.0066519629135254887	-4.7450013481346593e-06	-5.4286948157163285e-07	7.2270279413722959e-09	-4.5264700955525704e-10
C	0.25	0.295989	0.0066519629135254887	0.010084760298813347	-0.00043790501757091097	-5.3437779009400393e-05	-5.644746136121656e-06	-1.8292526661552159e-06
C	0.295989	0.32692599999999999	0.010084760298813347	0.013014683301614727	-0.00028510979833836674	-2.7603045811685574e-05	-2.8745458771242136e-06	-1.9641323313852258e-07
C	0.32692599999999999	0.356157	0.013014683301614727	0.016428105537649482	-0.0003466987851225709	-3.4479632252572067e-05	-2.9844564590565374e-06	-5.256852115274135e-08
C	0.356157	0.38521899999999998	0.016428105537649482	0.020669675364295492	-0.0004658896728546401	-4.5965050918494787e-05	-3.0483760355426329e-06	8.3860215814048012e-08
C	0.38521899999999998	0.41528300000000001	0.020669675364295492	0.026259604104609091	-0.00066955056819760191	-6.3174387704615891e-05	-2.8251087276145024e-06	2.8639679415071372e-07
C	0.41528300000000001	0.44842900000000002	0.026259604104609091	0.034304867121173616	-0.0010716480767300409	-9.5292455416917538e-05	-1.7180491512382287e-06	7.4962410961026954e-07
C	0.44842900000000002	0.49517600000000001	0.034304867121173616	0.050071999992515388	-0.0027734652713655664	-0.00025856992899962289	1.0395879055665769e-05	4.9290201046119515e-06
C	0.49517600000000001	0.50002500000000005	0.050071999992515388	0.052055497311701511	-3.507584698149648e-05	-2.1581009655063137e-07	-7.8285439418485556e-10	3.6876824871162358e-09
C	0.50002500000000005	0.53457699999999997	0.052055497311701511	0.068307321779106409	-0.0018668451474179396	-6.4350603495550495e-05	1.052315422562553e-05	7.3535343967015104e-07
C	0.53457699999999997	0.56891400000000003	0.068307321779106409	0.088317554340029303	-0.0019515390897910754	-1.4837368750625404e-05	1.3328140330092736e-05	1.4498450442919506e-07
C	0.56891400000000003	0.60533599999999999	0.088317554340029303	0.1137502817371062	-0.0021359457072483309	4.7536585366330129e-05	1.6943169351428399e-05	-6.6140274472538762e-07
C	0.60533599999999999	0.64863400000000004	0.1137502817371062	0.1490806981478113	-0.0026329925818285764	0.00018311196483807745	2.5231748089749509e-05	-3.1240838199351775e-06
C	0.64863400000000004	0.69661399999999996	0.1490806981478113	0.1932886459821633	-0.0023668020436348404	0.00033924211638069519	1.2629973392453111e-05	-5.420096224369839e-06
C	0.69661399999999996	0.74017999999999995	0.1932886459821633	0.23639228629983969	-0.0011282059003671092	0.00025040669445940182	-8.3513599938214655e-06	-2.0065258540069568e-06
C	0.74017999999999995	0.74208799999999997	0.23639228629983969	0.23832018867263385	-1.2478878033088429e-06	9.3618713792220387e-09	2.2173652886327208e-08	-1.8855579583567427e-08
C	0.74208799999999997	0.75002100000000005	0.23832018867263385	0.24636084490238785	-1.969671900928755e-05	1.2633587722408979e-06	-3.6454459630914808e-08	1.6061131085713285e-08
C	0.75002100000000005	0.79767399999999999	0.24636084490238785	0.29515666640095334	-0.00038583802641626897	0.00023674909556608528	-2.4877026087918673e-05	-1.9569939578070151e-08
C	0.79767399999999999	0.85912699999999997	0.29515666640095334	0.35799916939906573	0.0003086153436951215	0.00028702679870334946	-6.2560305690356001e-05	5.2992959716254111e-06
C	0.85912699999999997	0.92388000000000003	0.35799916939906573	0.42274251990898121	0.00090647918650642811	0.00011098051110666231	-4.2232669979333837e-05	6.2753631420303166e-06
C	0.92388000000000003	0.99099599999999999	0.42274251990898121	0.48772223253295766	0.0011090017048530198	5.8450497348775051e-06	-1.6415716611017194e-05	3.4035620171620841e-06
C	0.99099599999999999	1.003938	0.48772223253295766	0.49999966963286019	4.0157184914610197e-05	-1.6748432477181436e-07	-3.8897684191114681e-08	2.2472241118441826e-08
S	1.003938	1.0625290000000001	0.50000033036713987	0.44539518225031688	-0.00079628273288855653	1.9218116768997223e-05	1.0461502210292012e-06	-3.4141385484269735e-07
S	1.0625290000000001	1.145689	0.44539518225031688	0.37046874201444269	-0.0014756319914350972	5.4430647929790725e-05	-4.6639831703821833e-06	-1.5827571372715814e-06
S	1.145689	1.2152160000000001	0.37046874201444269	0.30997948872584186	-0.00096050775770393354	9.045685741464686e-06	-7.6818201633846523e-06	-2.7216313370011515e-06
S	1.2152160000000001	1.2885450000000001	0.30997948872584186	0.24835065493312827	-0.0011537104209736087	-6.7636234981670963e-05	-3.0347933656545078e-05	-7.0512459876122045e-06
S	1.2885450000000001	1.3443350000000001	0.24835065493312827	0.20334536304092951	-0.00092534121716733217	-0.00011003101309998852	-2.1798677002592662e-05	-1.2098373881077811e-06
S	1.3443350000000001	1.3918740000000001	0.20334536304092951	0.16690642984753623	-0.0010085137618895761	-0.00012584538653943525	-1.3582972276649685e-05	6.5041610553058168e-07
S	1.3918740000000001	1.417956	0.16690642984753623	0.14796230092897505	-0.0004184311400100297	-2.7658294192198924e-05	-7.9192493806031746e-07	5.7128536920377503e-08
S	1.417956	1.466418	0.14796230092897505	0.1154286295551874	-0.0018354962172824067	-0.00019251483617760168	-2.9018512976823667e-06	3.2012660701460807e-06
S	1.466418	1.5137339999999999	0.1154286295551874	0.087913523292072859	-0.0022694683636784586	-0.00015672061984525412	1.2616282097209318e-05	2.9359169390471559e-06
S	1.5137339999999999	1.551963	0.087913523292072859	0.069326847912131742	-0.0016964940293691191	-4.2784794109492623e-05	1.0958901182790088e-05	5.1051889294159745e-07
S	1.551963	1.588028	0.069326847912131742	0.054973118874377419	-0.0015508143460524052	4.130948331141611e-06	1.0179568441020824e-05	-1.2257554504805331e-07
S	1.588028	1.6246700000000001	0.054973118874377419	0.043467272681041051	-0.0015163112704752386	4.4980515567054794e-05	9.6607491970054093e-06	-6.188195696503113e-07
S	1.6246700000000001	1.672715	0.043467272681041051	0.032529292735685687	-0.0022311308695166371	0.00017555824033463956	1.7558875555810274e-05	-3.4039645520245209e-06
S	1.672715	1.708901	0.032529292735685687	0.026783702946124498	-0.00095502496791682499	8.9299331899635949e-05	4.544329479076205e-07	-7.0319554622343103e-07
S	1.708901	1.7422770000000001	0.026783702946124498	0.022878822944128196	-0.00059581419089901606	6.5941919950451738e-05	-1.9999518331724555e-06	-2.8262424842244405e-07
S	1.7422770000000001	1.750021	0.022878822944128196	0.02212091222076052	-2.4639277695779721e-05	7.1871439171247997e-07	-7.1181916972637688e-09	-1.5883126316827511e-09
S	1.750021	1.783406	0.02212091222076052	0.019336274584140858	-0.00037958205532699732	5.2143528362127662e-05	-3.3561547567470843e-06	-4.725239701182007e-08
S	1.783406	1.8191660000000001	0.019336274584140858	0.016988591163431994	-0.0002806763018023754	4.6947886053561322e-05	-4.514374063934307e-06	1.2765179131171616e-07
S	1.8191660000000001	1.866806	0.016988591163431994	0.014463467205559723	-0.00028527569159129685	6.9346538384656257e-05	-1.1586264457832918e-05	9.1653657119652808e-07
S	1.866806	1.9070510000000001	0.014463467205559723	0.012628004148420063	-0.00010626931201841238	2.0517363794848938e-05	-3.6283728141014751e-06	3.4417561413935177e-07
S	1.9070510000000001	1.945327	0.012628004148420063	0.011026291283733074	-5.9268508606923649e-05	8.3396550651154488e-06	-1.667294436288588e-06	1.7237217581665822e-07
S	1.945327	1.984604	0.011026291283733074	0.0094821986082184416	-4.5712741472609974e-05	3.674713768533198e-06	-9.9481359847129631e-07	9.7299257151600854e-08
S	1.984604	2.0000300000000002	0.0094821986082184416	0.0088988786354304017	-6.2577703995469515e-06	6.1226822743449724e-08	-1.5563702661258654e-08	1.0783375141822081e-09
S	2.0000300000000002	2.0485199999999999	0.0088988786354304017	0.0071464231668328781	-6.1639194796994735e-05	-5.8275475782164467e-07	-1.1623701016015342e-06	6.7139181378357095e-08
S	2.0485199999999999	2.0625	0.0071464231668328781	0.0066650156253374466	-5.5825562236935182e-06	-9.4389345311293839e-08	-6.2139063553939507e-09	1.1507587705803929e-10
S	2.0625	2.1051760000000002	0.0066650156253374466	0.0052709045405903892	-5.7143460901829172e-05	-3.8919663524911242e-06	-3.9079028770055925e-07	3.2930232102184697e-08
S	2.1051760000000002	2.148971	0.0052709045405903892	0.0039781428242293528	-7.4901486875505021e-05	-5.4290517873871838e-06	-1.9573820653158957e-07	8.6317453911678879e-08
S	2.148971	2.1963089999999998	0.0039781428242293528	0.0027747772148929216	-0.00010703261626323864	-6.5569067203602208e-06	3.796520332319973e-07	1.4637879369897697e-07
S	2.1963089999999998	2.232278	0.0027747772148929216	0.002016352182183794	-7.0022882604274186e-05	-1.652547253994915e-06	3.4824617257482689e-07	2.3122695249358453e-08
S	2.232278	2.2651479999999999	0.002016352182183794	0.0014487764006456949	-6.0344390331989072e-05	-5.7290401383968907e-08	3.089754640142955e-07	1.3156501347618894e-09
S	2.2651479999999999	2.297069	0.0014487764006456949	0.0010110173328827356	-5.5073466244575113e-05	1.0657825563009358e-06	2.6866228910271859e-07	-1.0105031769842481e-08
S	2.297069	2.3302999999999998	0.0010110173328827356	0.00066551231262354754	-5.4264148276110805e-05	2.2827012670475552e-06	2.4447781615942859e-07	-2.1989769201854194e-08
S	2.3302999999999998	2.3688120000000001	0.00066551231262354754	0.00038625616113855185	-6.1171393153474268e-05	4.7122407208440225e-06	2.2490693969157295e-07	-5.1642942437126767e-08
S	2.3688120000000001	2.3967930000000002	0.00038625616113855185	0.00024938094725678376	-2.5124474085589693e-05	1.9445313296653844e-06	-3.9445153259327592e-09	-8.6114040834603929e-09
S	2.3967930000000002	2.4000010000000001	0.00024938094725678376	0.00023662421567237623	-2.7690428947010862e-07	2.8218997459084618e-09	1.244860504958654e-11	-1.6120479465070312e-11
S	2.4000010000000001	2.4247709999999998	0.00023662421567237623	0.00015515396648913175	-1.4906429200718822e-05	1.2638032694749072e-06	-2.8998943516878945e-08	-3.0207730016895762e-09
S	2.4247709999999998	2.448029	0.00015515396648913175	0.00010157089631165762	-1.0074194745390006e-05	9.2685134117778021e-07	-3.2997634557871527e-08	-1.117794950730611e-09
S	2.448029	2.4704120000000001	0.00010157089631165762	6.5849016698203637e-05	-7.0092863225412169e-06	7.0012527302362551e-07	-3.2242177118988236e-08	-1.6423276805040656e-10
S	2.4704120000000001	2.4924460000000002	6.5849016698203637e-05	4.1912137383171233e-05	-4.9853348153698283e-06	5.4451463395164974e-07	-3.0461852971797887e-08	3.7255847484537547e-10
S	2.4924460000000002	2.5	4.1912137383171233e-05	3.5689100617729172e-05	-4.5055632586419642e-07	1.7958967813316356e-08	-3.9457165751716069e-10	2.9307214826563e-12
S	2.5	2.5227110000000001	3.5689100617729172e-05	2.1614965410573417e-05	-3.3321288039962897e-06	4.2583027440350742e-07	-3.0469114006780211e-08	9.1434377148387993e-10
S	2.5227110000000001	2.5521690000000001	2.1614965410573417e-05	1.0818464211872212e-05	-3.6507514950771556e-06	6.7005726178602002e-07	-7.1882617353452379e-08	3.8464423652429705e-09
S	2.5521690000000001	2.5731290000000002	1.0818464211872212e-05	6.4187287512930156e-06	-1.1129697249157386e-06	1.5819946762643611e-07	-1.3782582032907431e-08	6.6617040569973186e-10
S	2.5731290000000002	2.59124	6.4187287512930156e-06	4.0049501284670871e-06	-5.5159367193012662e-07	7.202751444134154e-08	-5.9125339737219047e-09	2.8358168750890888e-10
S	2.59124	2.6077319999999999	4.0049501284670871e-06	2.5613423827731053e-06	-3.1257323024363554e-07	3.9127436982146167e-08	-3.1342702591860784e-09	1.5164447846995824e-10
S	2.6077319999999999	2.623078	2.5613423827731053e-06	1.6629062807960749e-06	-1.8763778950994997e-07	2.2863630954327451e-08	-1.8073975803808097e-09	8.8365484638661606e-11
S	2.623078	2.6375329999999999	1.6629062807960749e-06	1.0899469411882641e-06	-1.1648629814749386e-07	1.3921083122013284e-08	-1.0913326706200834e-09	5.3870546270343648e-11
S	2.6375329999999999	2.6512530000000001	1.0899469411882641e-06	7.183718970774332e-07	-7.3915938369555034e-08	8.6981770134404455e-09	-6.7762495692486028e-10	3.3713824060805429e-11
S	2.6512530000000001	2.664342	7.183718970774332e-07	4.7435523755152618e-07	-4.7636513379590376e-08	5.5313034836037789e-09	-4.2851170745762675e-10	2.1446674132081502e-11
S	2.664342	2.6768700000000001	4.7435523755152618e-07	3.1253300364710511e-07	-3.1045550671036297e-08	3.5595371980405008e-09	-2.7412262160297105e-10	1.3770324767811935e-11
S	2.6768700000000001	2.6888809999999999	3.1253300364710511e-07	2.0438072210198108e-07	-2.039057748168595e-08	2.3071578485752007e-09	-1.7637043396924003e-10	8.867819537148711e-12
S	2.6888809999999999	2.7003949999999999	2.0438072210198108e-07	1.3165181426301464e-07	-1.3452430437535337e-08	1.4988873123413903e-09	-1.1342077934016964e-10	5.6864310905387016e-12
S	2.7003949999999999	2.7114090000000002	1.3165181426301464e-07	8.2504603476533324e-08	-8.8858932208900427e-09	9.7103109121293278e-10	-7.240144390666851e-11	3.6007939580374692e-12
S	2.7114090000000002	2.721886	8.2504603476533324e-08	4.9193008841870928e-08	-5.8449715632477967e-09	6.2177159872494897e-10	-4.5322764963886449e-11	2.2179051212213863e-12
S	2.721886	2.7317339999999999	4.9193008841870928e-08	2.6622162136002224e-08	-3.7907046401050355e-09	3.8710193031967062e-10	-2.7196433008725944e-11	1.2913380796791298e-12
S	2.7317339999999999	2.7407469999999998	2.6622162136002224e-08	1.1469243380992256e-08	-2.365447144894187e-09	2.2522504263173166e-10	-1.4812315930580474e-11	6.6345215401320194e-13
S	2.7407469999999998	2.7483070000000001	1.1469243380992256e-08	1.8397374819829381e-09	-1.2735246195899329e-09	1.0320095773644555e-10	-5.8024822201079943e-12	2.2461181080085849e-13
S	2.7483070000000001	2.75	1.8397374819829381e-09	0	-5.3377861822115159e-11	9.662808850222242e-13	-1.2265573206233727e-14	1.1239596904317404e-16
