# cdf-poly-v3 degree=5 basis=endpoint-q
# t=(x-start)/(end-start)
# kind start end y0 y1 q0 q1 q2 q3
C	0	1	0	0	0	0	0	0
C	1	1.0058180000000001	0	4.8345174939942749e-07	-4.5826447078868531e-08	-2.7911188588677168e-09	-1.2031516885268247e-10	-4.004811392188907e-12
C	1.0058180000000001	1.014365	4.8345174939942749e-07	1.3877761757051606e-06	-1.2249919375681515e-07	-1.0738611205208956e-08	-6.6649063383313413e-10	-3.2882919288548456e-11
C	1.014365	1.0239130000000001	1.3877761757051606e-06	2.7493236814449891e-06	-2.016875784229388e-07	-1.9352920921904276e-08	-1.3123231371087881e-09	-7.1080073634659144e-11
C	1.0239130000000001	1.0341560000000001	2.7493236814449891e-06	4.7616490552344799e-06	-3.1305627686755435e-07	-3.15347243893023e-08	-2.2392430105150339e-09	-1.2694890074737678e-10
C	1.0341560000000001	1.0449660000000001	4.7616490552344799e-06	7.7279920295078777e-06	-4.7646221334938235e-07	-4.9496023111481877e-08	-3.6137863562996275e-09	-2.0995271660224818e-10
C	1.0449660000000001	1.0562879999999999	7.7279920295078777e-06	1.211027339356013e-05	-7.2056687064457643e-07	-7.649732276769778e-08	-5.6881307461059742e-09	-3.3473600318395207e-10
C	1.0562879999999999	1.0681050000000001	1.211027339356013e-05	1.8611586459966173e-05	-1.0892383321710323e-06	-1.1757573477698847e-07	-8.854190760266418e-09	-5.238788164945444e-10
C	1.0681050000000001	1.0804290000000001	1.8611586459966173e-05	2.8312758730835663e-05	-1.652551425964352e-06	-1.8091116352603341e-07	-1.375483633428398e-08	-8.1421690482441703e-10
C	1.0804290000000001	1.093296	2.8312758730835663e-05	4.2895167915086026e-05	-2.5243407016406596e-06	-2.8001932023209424e-07	-2.1461952454721378e-08	-1.2664996361218456e-09
C	1.093296	1.1067640000000001	4.2895167915086026e-05	6.5010856442769584e-05	-3.8930134100762135e-06	-4.3768225648607189e-07	-3.3798336891623174e-08	-1.9823427813043765e-09
C	1.1067640000000001	1.120924	6.5010856442769584e-05	9.8940288790362065e-05	-6.08658053932171e-06	-6.947625757489859e-07	-5.409630400078796e-08	-3.1462096241599765e-09
C	1.120924	1.13591	9.8940288790362065e-05	0.00015178361579401892	-9.6971663140156909e-06	-1.127544559924561e-06	-8.8708678519447111e-08	-5.1051176464268986e-09
C	1.13591	1.1519330000000001	0.00015178361579401892	0.00023584170272236419	-1.5884035036887155e-05	-1.8928395839542445e-06	-1.5114569114160558e-07	-8.5942443997665854e-09
C	1.1519330000000001	1.169362	0.00023584170272236419	0.00037399911387590124	-2.7212770715109554e-05	-3.3624448005084829e-06	-2.751199344737997e-07	-1.5462110006007126e-08
C	1.169362	1.1890179999999999	0.00037399911387590124	0.00061563199389174045	-5.1012606116519699e-05	-6.719646409243888e-06	-5.7752255498956249e-07	-3.2378466269980036e-08
C	1.1890179999999999	1.2153050000000001	0.00061563199389174045	0.0011585085368635403	-0.00014170413454561639	-2.3100757995384259e-05	-2.4146806805382184e-06	-1.5118062038351532e-07
C	1.2153050000000001	1.2389859999999999	0.0011585085368635403	0.001982137517180428	-0.00018379310467182694	-2.4926706284124771e-05	-2.0804140976571496e-06	-8.560434967712441e-08
C	1.2389859999999999	1.26111	0.001982137517180428	0.0031860346241957558	-0.0002374006793303242	-2.7721440075542984e-05	-1.8957470489782764e-06	-4.6398624298625525e-08
C	1.26111	1.283093	0.0031860346241957558	0.0049776259356040659	-0.00033000488817498295	-3.5083539619945925e-05	-2.0514821718208935e-06	-1.8748399355272857e-08
C	1.283093	1.3055239999999999	0.0049776259356040659	0.0076496979540564992	-0.00046932846909229244	-4.6193407707854893e-05	-2.2872498295301818e-06	2.252789555113345e-08
C	1.3055239999999999	1.3289230000000001	0.0076496979540564992	0.011658366629625074	-0.0006811537462549903	-6.2541946144211572e-05	-2.5091662948023528e-06	9.7637998103888098e-08
C	1.3289230000000001	1.3539650000000001	0.011658366629625074	0.01776626153514772	-0.0010192554384157344	-8.7645025793604291e-05	-2.5333779240166731e-06	2.5035398637379968e-07
C	1.3539650000000001	1.381983	0.01776626153514772	0.027477574543297124	-0.0016365560370749286	-0.00013295876024668274	-1.763757284780863e-06	6.3390828201542188e-07
C	1.381983	1.3999999999999999	0.027477574543297124	0.035684401319234248	-0.00082334428356768945	-3.5509117847352308e-05	2.2630369888478423e-07	8.1890280138036933e-08
C	1.3999999999999999	1.4377869999999999	0.035684401319234248	0.058924855338925247	-0.0042299193751065911	-0.00030180452621758727	1.4448436245734557e-05	3.4219428011043942e-06
C	1.4377869999999999	1.4702219999999999	0.058924855338925247	0.086401530977455621	-0.0036533729850420516	-0.00013411581223280925	1.6596629701558741e-05	1.1988791957214344e-06
C	1.4702219999999999	1.5000070000000001	0.086401530977455621	0.11840042926659954	-0.0033054109249778408	-4.4454380365343014e-05	1.5541285971220675e-05	3.4093959377898649e-07
C	1.5000070000000001	1.5344690000000001	0.11840042926659954	0.16372428031463174	-0.0044433471054365686	3.6084138286248435e-05	3.0012244209977212e-05	-3.9871146980698902e-07
C	1.5344690000000001	1.5744279999999999	0.16372428031463174	0.22687137525021087	-0.0055177422100118325	0.0002402363905443695	4.8322987604094719e-05	-2.8679036964562068e-06
C	1.5744279999999999	1.6256550000000001	0.22687137525021087	0.32173216886946199	-0.0071994752843898609	0.0008600996646857122	8.5278917238910251e-05	-1.1884584173580364e-05
C	1.6256550000000001	1.6713309999999999	0.32173216886946199	0.41533030298276125	-0.0034295656788964506	0.00076101306346718382	1.9105194223622947e-05	-4.2360229667306094e-06
C	1.6713309999999999	1.7110879999999999	0.41533030298276125	0.49999920764287703	-0.00089005523840724257	0.00052443582674324783	7.8247903019226365e-07	-9.9533565973488948e-07
S	1.7110879999999999	1.7637890000000001	0.50000079235712303	0.38875777986370125	-0.0014771671418616673	-0.0012007031269508797	1.1914835702119119e-05	4.2579866831295628e-06
S	1.7637890000000001	1.8118700000000001	0.38875777986370125	0.2937176098547003	-0.0040224635077517404	-0.00083803343089267806	2.5538485893112768e-05	5.6079939851584037e-06
S	1.8118700000000001	1.862789	0.2937176098547003	0.20525440036915032	-0.0070723445856284992	-0.00079259609499598678	7.1277469629885804e-05	8.8746749459320691e-06
S	1.862789	1.9010830000000001	0.20525440036915032	0.14952389267866753	-0.0049442640671945905	-0.00018868479314770471	3.5529139640796645e-05	1.1105789520814599e-06
S	1.9010830000000001	1.936218	0.14952389267866753	0.10748390140402102	-0.0044172113179211962	-3.0826695076841339e-05	2.8056289447211042e-05	-2.8687521204344917e-07
S	1.936218	1.9707159999999999	0.10748390140402102	0.074711952780063359	-0.0041657170398447657	7.2184310757594257e-05	2.3817693102968207e-05	-1.1234475720894366e-06
S	1.9707159999999999	2	0.074711952780063359	0.053105341719373284	-0.0027566328499970456	9.2781420563607653e-05	9.2076647353363589e-06	-7.1916553074975782e-07
S	2	2.040333	0.053105341719373284	0.031510396829513579	-0.0045097385092126106	0.00032265505339713169	1.8491846187621664e-05	-3.7535848466023453e-06
S	2.040333	2.070389	0.031510396829513579	0.020503065000570427	-0.0019759262256101571	0.00014759148615271171	3.297141471818745e-07	-7.0862784119033885e-07
S	2.070389	2.0974080000000002	0.020503065000570427	0.013508621558522794	-0.0012567254478756912	0.00010300858475778308	-1.9230917768208241e-06	-2.8593685258590899e-07
S	2.0974080000000002	2.1227520000000002	0.013508621558522794	0.0088861954816514543	-0.00085414292100986029	7.6411213297502759e-05	-2.4830900636829991e-06	-1.1322209515126768e-07
S	2.1227520000000002	2.1471179999999999	0.0088861954816514543	0.005789712849999097	-0.00059735336175492204	5.8188376468329918e-05	-2.5299061776826848e-06	-2.6841539899546189e-08
S	2.1471179999999999	2.1710509999999998	0.005789712849999097	0.0037064162541945041	-0.00042606497913990011	4.5394415489567894e-05	-2.4284485670638972e-06	2.1225300330831001e-08
S	2.1710509999999998	2.1951770000000002	0.0037064162541945041	0.0023036830583103123	-0.00031119679005874376	3.6825228307894306e-05	-2.3615782878712493e-06	5.368116685839949e-08
S	2.1951770000000002	2.2210380000000001	0.0023036830583103123	0.0013431745462913101	-0.00024652458267314029	3.4309346101664234e-05	-2.7289743585531913e-06	9.9778903515578792e-08
S	2.2210380000000001	2.2497069999999999	0.0013431745462913101	0.00071167836194974859	-0.00019513249314138077	3.307462270871739e-05	-3.3330517155344068e-06	1.749577182681726e-07
S	2.2497069999999999	2.2711619999999999	0.00071167836194974859	0.00043085301849332729	-6.8124416384134136e-05	9.3216225709454202e-06	-7.8763626336860187e-07	3.7646362896505556e-08
S	2.2711619999999999	2.2901769999999999	0.00043085301849332729	0.00027072447345132217	-3.597944915564821e-05	4.6248151345577087e-06	-3.7506406980183486e-07	1.7956652840257883e-08
S	2.2901769999999999	2.3076430000000001	0.00027072447345132217	0.00017362123254286785	-2.0852451403873708e-05	2.5885686951593728e-06	-2.059581901950318e-07	9.9555066725267294e-09
S	2.3076430000000001	2.323963	0.00017362123254286785	0.00011279353319771884	-1.2655600923757181e-05	1.5348767795039269e-06	-1.2079921494468505e-07	5.8983464682224867e-09
S	2.323963	2.3393670000000002	0.00011279353319771884	7.3885147710657468e-05	-7.9002031585281682e-06	9.4162986572806339e-07	-7.3573650085415446e-08	3.6246050858340755e-09
S	2.3393670000000002	2.3540030000000001	7.3885147710657468e-05	4.8622031716013391e-05	-5.0273011834454706e-06	5.9079952022550164e-07	-4.5902673592264239e-08	2.2779658766377995e-09
S	2.3540030000000001	2.3679709999999998	4.8622031716013391e-05	3.2030982861956058e-05	-3.2433828283787213e-06	3.7641644945161929e-07	-2.9093257568898403e-08	1.4516242346550493e-09
S	2.3679709999999998	2.381338	3.2030982861956058e-05	2.1037040260677606e-05	-2.1131800262758398e-06	2.4227448096517055e-07	-1.8615821530524818e-08	9.3177399193158933e-10
S	2.381338	2.3941460000000001	2.1037040260677606e-05	1.3698720176322823e-05	-1.3862507822754599e-06	1.5686545358654204e-07	-1.1963068987510795e-08	5.9898123298575829e-10
S	2.3941460000000001	2.3999999999999999	1.3698720176322823e-05	1.1131346362576225e-05	-2.1956989936775138e-07	1.1480195828132645e-08	-4.0997117814783757e-10	1.007973418811174e-11
S	2.3999999999999999	2.4131610000000001	1.1131346362576225e-05	7.3494755291791375e-06	-7.3983994607648671e-07	8.6059741159538912e-08	-6.6726630379096607e-09	3.3376664299980865e-10
S	2.4131610000000001	2.4257529999999998	7.3494755291791375e-06	4.8441844185090814e-06	-4.8149485197196599e-07	5.5300212586198707e-08	-4.2625417936356329e-09	2.1406330361021265e-10
S	2.4257529999999998	2.4378229999999999	4.8441844185090814e-06	3.1710906991612063e-06	-3.1593299423755336e-07	3.5811020722055402e-08	-2.7405437716703756e-09	1.3780236025682004e-10
S	2.4378229999999999	2.4493939999999998	3.1710906991612063e-06	2.0465211484464201e-06	-2.0831832665303129e-07	2.3259039291543396e-08	-1.7625766886995222e-09	8.8417060538153444e-11
S	2.4493939999999998	2.4604659999999998	2.0465211484464201e-06	1.2867185160705866e-06	-1.3758907487537666e-07	1.5074621545020808e-08	-1.1263136964555228e-09	5.6085323856644778e-11
S	2.4604659999999998	2.4710049999999999	1.2867185160705866e-06	7.7166609745358276e-07	-9.0538246731997805e-08	9.664667736009479e-09	-7.0660053402971789e-10	3.4654332379989801e-11
S	2.4710049999999999	2.4809260000000002	7.7166609745358276e-07	4.2240014903475486e-07	-5.8820326165951401e-08	6.0378671939202191e-09	-4.2622232623975071e-10	2.0317677617377353e-11
S	2.4809260000000002	2.4900370000000001	4.2240014903475486e-07	1.8738524156118451e-07	-3.6889391681906411e-08	3.5437681937015795e-09	-2.3504887709394566e-10	1.0607724883311245e-11
S	2.4900370000000001	2.4977870000000002	1.8738524156118451e-07	3.6386523649803202e-08	-2.0354307067238958e-08	1.6884980385854623e-09	-9.7139805572151651e-11	3.8422578070111572e-12
S	2.4977870000000002	2.5	3.6386523649803202e-08	0	-1.3742834678037392e-09	3.2521710701582697e-11	-5.3925917150522037e-13	6.4584394396748159e-15
S	2.5	2.75	0	0	0	0	0	0
