# cdf-poly-v3 degree=5 basis=endpoint-q
# t=(x-start)/(end-start)
# kind start end y0 y1 q0 q1 q2 q3
C	0	0.01264	0	0.0011981513171876379	-0.00013511618236329096	-8.7106054205922969e-06	-3.1235628950047049e-07	-2.9554290624047223e-09
C	0.01264	0.030790999999999999	0.0011981513171876379	0.0034721847664810697	-0.00034650443628110556	-3.0001892088367864e-05	-1.3872286299393265e-06	-5.0735543263523396e-09
C	0.030790999999999999	0.050861000000000003	0.0034721847664810697	0.0069549018784008524	-0.00055041191921483999	-4.8290890628033996e-05	-2.0825434013566832e-06	2.5851123630527237e-08
C	0.050861000000000003	0.0625	0.0069549018784008524	0.0095534684422281611	-0.00023047582014103774	-1.0821547984894934e-05	-2.1806563584652469e-07	3.9509594534147451e-09
C	0.0625	0.085082000000000005	0.0095534684422281611	0.016098785818648074	-0.0010369026214857616	-8.6131445566821224e-05	-2.6911317896785746e-06	1.8539499883029589e-07
C	0.085082000000000005	0.10988100000000001	0.016098785818648074	0.026115399736320943	-0.0015926675787782674	-0.00012558358399358344	-2.3791024330749637e-06	4.6138065205516657e-07
C	0.10988100000000001	0.13852	0.026115399736320943	0.042335357739685005	-0.0026657958930731808	-0.00019967662710083754	3.219756723937079e-07	1.2594753430490593e-06
C	0.13852	0.179923	0.042335357739685005	0.076862754321930557	-0.0069381454900828594	-0.00054455133159315452	3.2794988150905317e-05	8.8689443623725358e-06
C	0.179923	0.21178900000000001	0.076862754321930557	0.1139931095282026	-0.0048291641690649317	-0.00015339213531349562	2.6056600640195847e-05	1.9123914957331107e-06
C	0.21178900000000001	0.24335499999999999	0.1139931095282026	0.16066637627903774	-0.0049845202870504096	-2.9042359163506557e-05	3.3457753601522638e-05	8.8575425826125179e-07
C	0.24335499999999999	0.25	0.16066637627903774	0.17175788827420335	-0.000218078226658336	7.8331864581164853e-07	7.1509278475344326e-08	7.3655269601298806e-11
C	0.25	0.287165	0.17175788827420335	0.2438552007976422	-0.0054663391279606288	-1.9379913790136243e-05	0.00011140511463112074	-5.0702897110897957e-06
C	0.287165	0.33110899999999999	0.2438552007976422	0.3420901314907418	-0.0066262458987070465	0.00063141044052403099	0.00016275833502904586	-1.5014109143584419e-05
C	0.33110899999999999	0.38109700000000002	0.3420901314907418	0.46521863297597149	-0.0047311745989770436	0.001655294988168067	0.0001399258604045279	-2.9250513592729204e-05
C	0.38109700000000002	0.39486700000000002	0.46521863297597149	0.49999814067700099	-4.4970068673736319e-05	3.9832487948804592e-05	1.0216205247910999e-07	-4.1445667036590118e-08
S	0.39486700000000002	0.43880000000000002	0.50000185932299901	0.39065314217595037	-0.001631013257244016	-0.0012766566101336801	1.9918020783362131e-05	1.1503744886936895e-05
S	0.43880000000000002	0.47983500000000001	0.39065314217595037	0.29564357514625766	-0.0044395126686725527	-0.00088127779784899702	5.5731967228351501e-05	5.5347523746274068e-06
S	0.47983500000000001	0.50000199999999995	0.29564357514625766	0.25306381397609889	-0.0015286543375916976	-7.6357818343060065e-05	4.589161101499034e-06	8.3738589345150108e-08
S	0.50000199999999995	0.53654400000000002	0.25306381397609889	0.18460103181334167	-0.0057874254158922066	-0.00031564042969761143	5.4947316449326339e-05	5.3500832728064149e-07
S	0.53654400000000002	0.57102600000000003	0.18460103181334167	0.13135162631390768	-0.0056472159821832511	-8.0480581054540029e-05	4.4321553273091822e-05	-9.1051458943289725e-07
S	0.57102600000000003	0.60499400000000003	0.13135162631390768	0.089925710333298672	-0.00543017193080264	8.0651996837405613e-05	3.6312352571604718e-05	-1.9022905470388567e-06
S	0.60499400000000003	0.64222299999999999	0.089925710333298672	0.056284355378661284	-0.0059361572569802158	0.0002712151480216467	3.7148776202669045e-05	-4.0378382444226389e-06
S	0.64222299999999999	0.67632599999999998	0.056284355378661284	0.034785346035660032	-0.0041586441798499209	0.00028740438323046776	1.1895772646855307e-05	-2.5937900548982862e-06
S	0.67632599999999998	0.704129	0.034785346035660032	0.022604986646465115	-0.0021985394452188178	0.00016666196118984161	-1.0222296225225418e-07	-7.4950143500617159e-07
S	0.704129	0.72926500000000005	0.022604986646465115	0.014840686497494947	-0.0014099213724205648	0.00011731629817017361	-2.3793812906255251e-06	-3.0797070965848262e-07
S	0.72926500000000005	0.75	0.014840686497494947	0.010250656150050025	-0.00074633562993217434	5.9118414902696501e-05	-1.7278412787714141e-06	-6.6278013074289621e-08
S	0.75	0.772872	0.010250656150050025	0.0066475951298740048	-0.00070290474264052857	6.9150064610611756e-05	-3.035635617446198e-06	-3.0296801522980776e-08
S	0.772872	0.79520800000000003	0.0066475951298740048	0.0042451791811711588	-0.00049431184907466766	5.2940168005941188e-05	-2.8408935200190951e-06	2.4838215270145544e-08
S	0.79520800000000003	0.81761700000000004	0.0042451791811711588	0.0026376894045934342	-0.00035713879928746256	4.2313859568563882e-05	-2.7113663739960755e-06	6.0975492078992559e-08
S	0.81761700000000004	0.84145800000000004	0.0026376894045934342	0.0015440528217686748	-0.0002788137471017303	3.8569016471430722e-05	-3.045502586565296e-06	1.0977110424383775e-07
S	0.84145800000000004	0.86854600000000004	0.0015440528217686748	0.00080931744712691149	-0.00023154776268463008	4.0029143064607103e-05	-4.1113837277011282e-06	2.1909463787521834e-07
S	0.86854600000000004	0.88845799999999997	0.00080931744712691149	0.00049029693618365966	-7.7429105585124025e-05	1.0619545380674545e-05	-9.0056478011390765e-07	4.3187512605478552e-08
S	0.88845799999999997	0.90607800000000005	0.00049029693618365966	0.00030861674665484722	-4.0740924245392662e-05	5.2381810634566182e-06	-4.2576892270002523e-07	2.0449722982157458e-08
S	0.90607800000000005	0.92225800000000002	0.00030861674665484722	0.00019835856647103763	-2.3600650248730526e-05	2.9273883874667368e-06	-2.3331625526736036e-07	1.1317515509023101e-08
S	0.92225800000000002	0.93737999999999999	0.00019835856647103763	0.0001291756877495033	-1.4336640211635077e-05	1.7361981475657438e-06	-1.3683682982807631e-07	6.7068937692124403e-09
S	0.93737999999999999	0.95165999999999995	0.0001291756877495033	8.4830639592242137e-05	-8.9639575706595287e-06	1.0662693618018048e-06	-8.3407062220427924e-08	4.1254141467239787e-09
S	0.95165999999999995	0.96523700000000001	8.4830639592242137e-05	5.5969441117496404e-05	-5.7164837614842158e-06	6.701535171145269e-07	-5.2114856661856511e-08	2.596771876400318e-09
S	0.96523700000000001	0.97820399999999996	5.5969441117496404e-05	3.6968905874793928e-05	-3.6970588122623204e-06	4.2785818758506854e-07	-3.3089988366513224e-08	1.6577074408864161e-09
S	0.97820399999999996	0.99062499999999998	3.6968905874793928e-05	2.4346030712153141e-05	-2.4159501995165509e-06	2.7615410058845014e-07	-2.1229571640015601e-08	1.066913871007579e-09
S	0.99062499999999998	1.0025379999999999	2.4346030712153141e-05	1.5900704182049108e-05	-1.5896705607932488e-06	1.7931015398022738e-07	-1.3679007674492549e-08	6.8762352784131426e-10
S	1.0025379999999999	1.01396	1.5900704182049108e-05	1.0218372319220836e-05	-1.0502275490169193e-06	1.1663396808111194e-07	-8.8036876540335538e-09	4.4098187583924276e-10
S	1.01396	1.024883	1.0218372319220836e-05	6.3792104031043032e-06	-6.9411711367291408e-07	7.5561106370456885e-08	-5.6154382867649374e-09	2.7875463490459233e-10
S	1.024883	1.035266	6.3792104031043032e-06	3.7794117727800264e-06	-4.5651692584151922e-07	4.8331856593389824e-08	-3.5073382219983037e-09	1.7109165955720678e-10
S	1.035266	1.045013	3.7794117727800264e-06	2.0209473738683009e-06	-2.9577193902900569e-07	3.0016282414307941e-08	-2.0958188732687477e-09	9.9021523304453238e-11
S	1.045013	1.0539050000000001	2.0209473738683009e-06	8.4476802844989965e-07	-1.8376823899680158e-07	1.7330624160208749e-08	-1.1286428780394243e-09	5.0122391362143299e-11
S	1.0539050000000001	1.0612459999999999	8.4476802844989965e-07	1.0824368087735162e-07	-9.6201260894887641e-08	7.5970650874743872e-09	-4.1607849098420934e-10	1.5715286833517079e-11
S	1.0612459999999999	1.0625	1.0824368087735162e-07	0	-2.3665637564044121e-09	3.1813281222534279e-11	-2.997401897897406e-13	2.0420561269032896e-15
S	1.0625	2.75	0	0	0	0	0	0
